2023
166
58
-43
-90
-2
86
83
88
99
118
30
-69
49
-60
-38
147
51
-30
117
18
-85
132
0
95
137
122
64
130
-57
168
-36
92
70
23
-83
-38
-88
74
0
-74
-8
129
-15
41
8
15
200
64
-9
70
-53
-32
-19
151
-49
66
-19
218
12
-27
163
-19
-39
141
44
-30
106
82
-68
135
116
-46
-41
166
11
55
-89
93
79
151
-75
28
64
29
65
65
-61
60
-55
71
-8
-37
-89
190
37
-57
-28
31
45
-41
199
-55
-57
-46
36
-47
86
33
76
10
179
89
103
119
129
30
-18
20
3
76
-54
-22
83
48
48
172
-27
159
78
-27
98
32
116
3
130
-73
77
93
4
63
37
218
90
-31
57
91
-58
25
-86
-60
83
-91
58
202
145
272
48
118
169
-66
94
127
-4
-25
151
96
-57
-86
42
131
127
156
-74
73
19
54
112
42
146
61
-10
147
199
127
171
26
55
60
7
-73
-75
-8
7
66
47
-45
93
165
-79
-88
135
50
55
52
26
-69
-44
36
-91
179
117
57
-8
123
39
-38
-96
88
-98
-23
-83
169
-11
-49
15
91
14
-22
57
130
-44
83
-24
-22
40
-19
269
108
164
204
119
-79
-12
84
-6
149
-20
9
204
153
60
-22
-5
-26
173
55
0
-35
165
-33
-17
23
172
-69
112
67
-14
-49
-72
50
88
78
41
-1
67
-94
-1
-19
-57
86
-28
154
107
-44
6
152
133
0
-20
185
37
16
-23
66
10
-20
-77
-48
-27
111
39
112
3
-3
-39
13
-60
-74
2
49
-60
22
-50
102
-53
-11
34
-9
35
-34
8
-57
-53
21
78
26
51
117
153
-9
182
74
71
80
-76
127
60
49
-5
5
-60
95
68
-86
-83
-79
-42
-14
-94
-8
166
221
11
88
132
-48
25
-24
196
111
-22
17
157
111
-52
91
28
35
50
-27
-31
89
48
-74
42
93
76
-8
-79
-59
92
142
72
98
-70
-37
-18
-5
111
-69
16
-22
71
1
13
75
-49
200
43
-33
22
123
-17
98
-8
-56
-39
-71
136
-69
13
71
29
18
-64
38
101
85
132
34
-58
199
16
16
190
-20
75
-69
-70
22
-32
249
83
45
192
-71
111
-87
143
61
-50
60
33
58
7
56
43
-46
66
65
-33
-87
-84
34
69
47
130
124
126
137
113
8
-59
-17
-97
157
-89
70
9
-48
239
-70
76
-44
12
98
-21
0
176
5
79
51
92
108
-2
52
72
90
120
-8
-83
145
98
-6
-30
-27
162
-18
137
47
25
124
27
-62
106
80
33
112
15
63
15
127
47
2
-5
133
58
62
68
46
29
-61
-3
66
-13
43
3
-49
-1
219
60
-79
27
-58
105
52
80
120
140
17
191
58
183
-12
161
84
-42
47
77
101
-22
6
-48
-25
10
-86
-65
69
-11
-79
188
157
90
130
151
-10
57
-47
-99
-38
-37
64
3
-42
-10
97
105
56
-88
20
-52
145
128
125
44
44
242
154
129
112
25
16
-16
83
-52
-83
52
58
82
194
-8
-46
107
-4
-91
108
27
-25
167
-64
-6
183
24
81
74
-62
68
-1
-35
-27
75
25
79
85
35
58
174
32
9
-3
59
-33
-76
190
-34
-28
-60
73
-89
176
-27
61
45
-98
-14
-44
144
56
-88
39
147
170
-75
22
-83
141
157
-25
106
172
34
27
194
-17
98
-38
133
22
39
85
62
-34
72
-54
65
78
96
130
21
-67
-79
99
36
-18
177
-55
59
-57
-63
-22
135
47
-23
35
-4
-93
-62
164
-50
148
108
212
32
-37
151
147
38
-18
51
-3
-81
-36
-44
39
144
155
68
-9
113
25
-76
34
-3
-30
60
8
-83
180
150
14
51
30
85
-51
-33
183
59
-36
-70
95
22
70
158
216
40
-4
91
-67
-91
20
-77
-90
-12
-67
43
94
7
-45
75
-20
113
121
39
-55
-52
-37
21
201
-22
-54
113
64
58
-38
140
14
103
-80
-78
-48
123
-85
-48
41
0
-54
-35
105
73
-56
105
20
66
-17
-17
-10
-11
203
33
151
-65
-69
34
-54
38
60
-82
105
168
-25
95
130
-62
38
52
27
-95
-20
105
-22
24
-3
-52
106
17
-78
-51
129
136
-16
95
170
-11
-32
17
60
44
50
105
-8
29
168
-56
-85
156
-33
119
3
29
-66
-86
-72
103
-33
14
-99
-7
-68
-72
-18
-37
34
-99
137
-62
77
-48
84
133
28
45
61
22
-34
21
91
110
168
124
98
-58
50
3
-66
-18
73
101
194
-49
-1
10
-65
207
90
153
49
186
71
129
200
66
-71
74
123
40
56
46
-4
144
-37
178
77
236
27
45
165
102
143
72
160
97
148
-31
57
224
124
-72
5
-96
99
-95
111
67
43
241
-71
-5
-30
154
166
75
-55
-71
159
-83
36
-85
46
109
-73
90
-1
-3
116
47
115
84
-50
-22
23
128
15
-98
68
-57
125
80
-10
25
148
80
-6
37
-11
158
125
-68
127
-64
-78
-18
9
-78
103
-56
109
101
70
61
-55
-71
-7
-19
30
-52
-72
13
73
-51
138
9
-21
115
68
-32
60
115
65
50
55
77
39
123
236
39
-55
55
115
87
149
185
137
14
35
123
84
44
105
88
-46
195
149
104
8
16
-11
33
55
-27
-34
-87
-75
116
-62
8
161
41
52
-96
73
-41
47
-65
-8
218
-60
39
198
46
-3
36
-2
-93
105
-42
0
-48
79
101
13
262
-27
-24
27
143
184
35
-65
54
14
73
114
108
-53
39
113
120
139
55
81
-89
9
21
34
-26
180
-80
-76
115
-51
-17
156
64
150
83
-29
92
-58
-19
20
126
25
-75
88
-12
90
-74
148
164
-42
174
60
55
142
49
15
143
-57
-47
53
-48
-90
-51
83
-75
10
62
25
-31
-39
0
130
39
147
106
94
52
195
82
98
93
71
48
28
14
20
73
139
16
160
31
-67
94
115
-48
105
-68
-38
-33
14
50
-37
-70
169
28
-70
-68
-63
158
-46
-14
-2
63
-58
138
80
93
-39
-42
82
31
-39
67
73
-28
-60
-33
34
113
116
-87
87
54
18
48
108
197
-43
84
13
-12
39
141
27
131
-39
-61
121
-63
120
-43
34
71
2
82
55
93
-9
0
71
-16
128
-32
-85
-58
21
34
-22
31
16
60
103
24
-47
47
152
-61
-13
118
-35
64
15
149
47
-45
156
2
110
-38
25
42
-7
19
-80
46
-85
223
44
53
88
42
-17
106
-16
104
-77
8
-4
159
110
-65
149
170
-90
16
124
87
-13
86
144
29
72
35
-51
27
34
-81
-62
176
8
7
-79
73
-3
-55
31
10
134
163
12
-56
119
41
44
-62
144
40
174
92
90
-25
-3
167
46
-22
137
-84
-3
169
108
-67
37
-7
-95
-99
26
34
50
68
75
-20
-28
109
-41
21
-65
5
33
128
-35
20
127
131
-48
-9
-31
152
68
88
-92
-9
136
5
-11
-22
18
44
153
143
-72
71
97
55
-65
-31
-77
14
72
83
75
29
122
-16
-9
-33
-17
-97
-71
119
-23
2
67
-32
96
-46
78
-91
169
111
88
76
-51
13
53
-39
107
-56
43
114
149
90
-96
-78
4
6
-68
127
66
143
1
84
61
77
98
18
111
21
52
147
78
-24
-19
70
98
84
175
-54
21
-50
-72
58
-17
-4
-54
35
71
36
25
-24
146
-59
74
27
-3
0
21
57
77
-30
77
-37
-30
59
-24
-10
-44
30
-36
116
62
30
84
-11
17
-34
-57
-85
-45
116
123
-24
212
-42
-24
33
-56
-90
193
83
119
-41
-57
-6
-45
54
-54
109
-80
103
-51
-2
-45
74
24
107
-21
114
152
115
55
-27
-27
-71
82
-36
-60
58
88
223
-2
-23
-45
-95
-88
77
-21
-5
-17
48
124
16
-50
208
-68
20
-53
101
-40
88
132
101
-11
-9
-58
33
65
5
144
-93
24
1
126
41
-95
126
128
143
-72
-93
-16
-58
32
14
115
24
61
46
-70
-38
-66
139
54
44
174
25
80
75
-40
68
137
10
241
-5
134
99
146
223
44
173
-30
119
57
0
-86
194
-56
34
-54
104
-22
-13
79
61
74
20
-46
48
37
157
85
53
73
114
189
-50
-55
158
-48
64
53
-62
-40
-91
-76
61
-94
55
-5
114
182
168
170
-48
76
97
33
109
-4
-54
148
116
-69
226
87
-31
112
-66
-55
33
33
129
27
-57
-41
58
-51
155
-21
121
53
98
-49
129
118
48
70
61
95
82
-6
-43
-18
53
-36
12
92
-82
120
50
85
19
33
96
-15
151
81
86
-85
-26
-39
-56
148
-36
103
-67
138
35
83
41
111
7
-52
-50
22
60
47
-12
137
41
15
1
120
-82
82
82
72
61
15
-10
-80
10
-22
-36
37
202
-30
186
35
49
-81
23
48
-34
-55
80
-56
-24
20
146
71
114
-48
86
-31
34
-55
46
135
10
13
212
61
121
110
80
-81
-16
169
40
-64
8
-73
-56
76
216
-9
109
56
176
91
14
-77
-8
4
57
-76
22
148
-66
173
32
-95
92
127
37
-43
66
-3
72
105
-72
-11
-17
194
133
-74
101
-29
109
31
66
151
-83
31
-65
-29
127
81
85
33
-70
42
-23
141
218
-63
-33
35
138
-38
-65
75
-85
112
31
132
57
-47
109
109
79
-39
-82
-57
46
127
154
119
20
68
26
104
-84
60
-66
-83
67
-17
34
140
31
-32
-94
98
135
88
210
75
-53
28
80
138
-42
140
2
-92
105
-98
204
42
63
-57
-17
29
22
-24
21
-25
68
174
145
51
72
-59
25
98
21
114
-98
135
99
-16
-5
-51
135
164
98
151
176
-71
28
94
114
117
86
34
45
-7
199
-71
36
-27
-11
-77
17
-48
143
67
73
48
0
200
-17
-33
-29
71
10
105
-56
76
-42
41
26
1
92
-70
20
148
159
199
116
132
-87
156
27
41
26
-9
-72
73
71
67
138
179
151
-46
10
-84
20
165
48
62
11
152
151
98
-73
-46
126
-7
-57
-38
148
140
-14
37
178
87
-12
27
122
-17
63
33
-28
26
9
21
-4
54
-98
-44
47
50
101
42
132
190
96
123
132
25
18
-15
187
93
69
109
74
66
-15
92
35
127
40
137
19
114
-53
89
-28
-75
-45
